markerIndex p.value p.value.NA var1 var2 Tv1 N AC AF
343 0.98424927560976 0.984429014739504 0.943078214637878 0.964979017758292 0.0191717844160831 1000 35 0.0175
4594 0.563793940306224 0.568252040193837 0.896419919073113 0.917237192711804 -0.546504415423906 1000 80 0.04
1874 0.492654148377377 0.497604855362 0.927431307144381 0.948968752476248 0.660730237397382 1000 77 0.0385
3380 0.909331536677435 0.910361940968456 0.564297166425883 0.577401661615276 0.0855476430149805 1000 890 0.445
2959 0.432459796274522 0.43773107175829 0.965787132334883 0.98821529895267 -0.771444145825664 1000 51 0.0255
4176 0.532292607876538 0.53698236417234 0.923080260553421 0.944516664636144 0.600011026948233 1000 203 0.1015
5042 0.348319324370254 0.353848366696603 0.941046940230818 0.962900568113023 -0.909789641405494 1000 33 0.0165
5479 0.135912169532691 0.140436078766978 0.929717143457037 0.95130767126304 1.43783082706 1000 75 0.0375
9649 0.778339675033808 0.780804470407721 0.516229705925535 0.5282179447961 -0.202243350207288 1000 941 0.4705
999 0.072004506646204 0.0753124675775513 0.665345302527305 0.680796406270562 1.46749403080619 1000 651 0.3255
8932 0.146496184280697 0.151159567309028 0.960099098895955 0.982395177803077 1.42275617357646 1000 54 0.027
3870 0.650190502345353 0.653920958098104 0.954751361822677 0.976923245802477 -0.443118717088499 1000 23 0.0115
5575 0.584811213594107 0.589103999662889 0.947534437851805 0.96953872952395 -0.531844687554828 1000 30 0.015
9022 0.227145901953678 0.232493736051773 0.90711414743874 0.928179771545112 1.15028568377261 1000 142 0.071
8136 0.957834553491789 0.958315344820915 0.932916892970427 0.954581731474948 -0.0510670085388718 1000 87 0.0435
4201 0.499997674197786 0.504902796078627 0.898223837893071 0.919083005176024 0.639248914073335 1000 115 0.0575
2646 0.669326953314448 0.672880676652634 0.945645533165624 0.967605965911875 -0.415303119337467 1000 30 0.015
2926 0.109490215881392 0.113598811058462 0.954707609753539 0.976878491234464 -1.56382373112445 1000 23 0.0115
6160 0.713168633369795 0.716299811700898 0.934539955774171 0.956242483603756 -0.355368561730092 1000 43 0.0215
5333 0.675548438094471 0.679043645324232 0.471477269164995 0.482426237733298 -0.287390824961235 1000 958 0.479
6354 0.969626085053006 0.969972576099397 0.995333252475773 1.01844755781064 -0.0379883038621912 1000 36 0.018
2630 0.956412730402397 0.956909702764334 0.932633102808613 0.954291348893417 -0.0527826508583082 1000 73 0.0365
6595 0.762532319245913 0.765162410619666 0.95287092236966 0.974999154785918 0.294950961016696 1000 25 0.0125
9605 0.00793848169315574 0.00868075167798536 0.882929501039115 0.903433496802035 2.4944476706442 1000 204 0.102
5326 0.463676941249429 0.468794279420937 0.973566446101204 0.996175276774815 -0.723055510853993 1000 65 0.0325
9137 0.938306000525943 0.939008729644605 0.956203733225021 0.978409350115907 0.0756852978966453 1000 89 0.0445
171 0.805848164113451 0.808020492280071 0.807253294372053 0.825999884201933 -0.220831712700105 1000 314 0.157
2173 0.301638431187909 0.30718930607198 0.81115500837207 0.829992204525002 0.930296153588818 1000 400 0.2
7662 0.826636018349671 0.82858370793335 0.938204808693855 0.959992446817108 -0.212142975543137 1000 40 0.02
6358 0.371906814887888 0.377389407964202 0.928389700521271 0.949949399687798 0.860342808457537 1000 50 0.025
